TRAIN
Loss: 0.1761403168986241
Precision: 0.9913244803746541
Recall: 0.9893963774045308
AUC: 0.998448125521342
Accuracy: 0.9904706533749899

TEST
Loss: 2.02569317817688
Precision: 0.6344148516654968
Recall: 0.6275071501731873
AUC: 0.7552726864814758
Accuracy: 0.6320917010307312
