TRAIN
Loss: 0.3232377995850473
Precision: 0.9823015724740377
Recall: 0.9780194672142587
AUC: 0.9966912444044904
Accuracy: 0.9804646111116176

TEST
Loss: 2.9539012908935547
Precision: 0.623481810092926
Recall: 0.6177650690078735
AUC: 0.7440928816795349
Accuracy: 0.6212034225463867
