TRAIN
Loss: 0.20765277626643697
Precision: 0.9872695660016623
Recall: 0.9848482414900538
AUC: 0.9976329702928842
Accuracy: 0.9861628822533481

TEST
Loss: 1.8435075283050537
Precision: 0.5612716674804688
Recall: 0.5564469695091248
AUC: 0.7534164190292358
Accuracy: 0.5593123435974121
