TRAIN
Loss: 0.23570330577447665
Precision: 0.988202842862107
Recall: 0.9862065433069717
AUC: 0.9979212394980497
Accuracy: 0.9872493847858074

TEST
Loss: 1.6396960020065308
Precision: 0.655510663986206
Recall: 0.6510028839111328
AUC: 0.7903560400009155
Accuracy: 0.65329509973526
