TRAIN
Loss: 0.2369558559730649
Precision: 0.9862909921117731
Recall: 0.9844052856032913
AUC: 0.9977414277759759
Accuracy: 0.9854387447640702

TEST
Loss: 2.3424880504608154
Precision: 0.5257971286773682
Recall: 0.5197708010673523
AUC: 0.7024624347686768
Accuracy: 0.5243552923202515
